0 1.000000
1 0.554622
2 0.347763
3 0.228106
4 0.147464
5 0.102496
6 0.070814
7 0.047281
8 0.030772
9 0.016789
10 0.011435
11 0.005944
12 0.005190
13 0.003260
14 0.003978
15 0.003868
16 0.003417
17 0.007017
18 0.010589
19 0.011662
20 0.009621
21 0.004325
22 0.001439
23 0.002555
24 0.002835
25 0.000000
26 0.000000
27 0.000000
28 0.000000
29 0.000000
30 0.000786
31 0.002821
32 0.000000
33 0.000000
34 0.000000
35 0.000000
36 0.002319
37 0.000000
38 0.000000
39 0.000000
40 0.000000
41 0.001363
42 0.003051
43 0.000739
44 0.000000
45 0.001097
46 0.000000
47 0.000000
48 0.000000
49 0.000000
