0 1.000000
1 0.540644
2 0.334254
3 0.212336
4 0.140655
5 0.092622
6 0.060815
7 0.039981
8 0.026335
9 0.017405
10 0.011146
11 0.005334
12 0.000000
13 0.000000
14 0.000000
15 0.000000
16 0.000000
17 0.000000
18 0.000000
19 0.000734
20 0.001199
21 0.000000
22 0.001546
23 0.003412
24 0.003836
25 0.001284
26 0.000951
27 0.000137
28 0.000000
29 0.000000
30 0.000000
31 0.000000
32 0.000000
33 0.000000
34 0.000000
35 0.002627
36 0.007206
37 0.004463
38 0.001692
39 0.002991
40 0.004140
41 0.002270
42 0.000000
43 0.000000
44 0.000000
45 0.000000
46 0.000000
47 0.000000
48 0.000000
49 0.000000
