0 1.000000
1 0.537029
2 0.329927
3 0.215483
4 0.144217
5 0.098692
6 0.066076
7 0.045095
8 0.031600
9 0.017344
10 0.012869
11 0.010786
12 0.004233
13 0.001260
14 0.003296
15 0.002547
16 0.001409
17 0.003505
18 0.001270
19 0.004410
20 0.000098
21 0.000000
22 0.000000
23 0.000000
24 0.001820
25 0.000795
26 0.000000
27 0.000000
28 0.000000
29 0.000000
30 0.000000
31 0.000472
32 0.000337
33 0.000000
34 0.001052
35 0.004929
36 0.004369
37 0.005132
38 0.000536
39 0.000000
40 0.000000
41 0.000090
42 0.000000
43 0.000000
44 0.000000
45 0.000000
46 0.000000
47 0.000000
48 0.000000
49 0.000000
