0 1.000000
1 0.528729
2 0.315355
3 0.201288
4 0.130823
5 0.086473
6 0.059516
7 0.032658
8 0.017942
9 0.010073
10 0.006341
11 0.006306
12 0.004087
13 0.004428
14 0.000000
15 0.000000
16 0.000000
17 0.000000
18 0.000000
19 0.000000
20 0.000000
21 0.000000
22 0.000000
23 0.000000
24 0.000000
25 0.000000
26 0.000000
27 0.000000
28 0.000000
29 0.000000
30 0.000000
31 0.000000
32 0.000000
33 0.001422
34 0.002233
35 0.004502
36 0.009827
37 0.007729
38 0.009934
39 0.004290
40 0.002880
41 0.001269
42 0.000000
43 0.000000
44 0.001587
45 0.000898
46 0.000000
47 0.000000
48 0.000000
49 0.000000
