0 1.000000
1 0.534019
2 0.328271
3 0.213050
4 0.141705
5 0.095329
6 0.063725
7 0.044170
8 0.032460
9 0.021224
10 0.016400
11 0.013876
12 0.012827
13 0.008846
14 0.005281
15 0.001065
16 0.000000
17 0.000000
18 0.000000
19 0.002875
20 0.001520
21 0.000000
22 0.000138
23 0.000528
24 0.000000
25 0.000000
26 0.000529
27 0.001046
28 0.003252
29 0.003893
30 0.006037
31 0.006214
32 0.002883
33 0.005525
34 0.004472
35 0.005260
36 0.004501
37 0.010766
38 0.010750
39 0.005678
40 0.002576
41 0.000000
42 0.000000
43 0.000000
44 0.000000
45 0.000000
46 0.000000
47 0.000000
48 0.000000
49 0.000000
