0 1.000000
1 0.528493
2 0.318441
3 0.202042
4 0.130086
5 0.088768
6 0.060840
7 0.042167
8 0.029510
9 0.022705
10 0.011927
11 0.004357
12 0.001910
13 0.000000
14 0.000000
15 0.001045
16 0.000000
17 0.000000
18 0.000000
19 0.001185
20 0.005785
21 0.002797
22 0.000000
23 0.003779
24 0.005747
25 0.001638
26 0.000000
27 0.000000
28 0.000000
29 0.000000
30 0.000000
31 0.000000
32 0.000000
33 0.000000
34 0.000000
35 0.000000
36 0.000000
37 0.000000
38 0.000000
39 0.000000
40 0.000000
41 0.000000
42 0.000000
43 0.000000
44 0.000000
45 0.000000
46 0.000000
47 0.000000
48 0.000000
49 0.000000
