0 1.000000
1 0.534352
2 0.323715
3 0.213405
4 0.142399
5 0.095431
6 0.065510
7 0.044409
8 0.033445
9 0.017088
10 0.011869
11 0.008583
12 0.005414
13 0.005209
14 0.002486
15 0.000241
16 0.001730
17 0.000825
18 0.000000
19 0.000000
20 0.001031
21 0.000205
22 0.001621
23 0.002502
24 0.001939
25 0.003154
26 0.003924
27 0.005146
28 0.003766
29 0.005852
30 0.003618
31 0.001647
32 0.000000
33 0.000000
34 0.002102
35 0.009400
36 0.013088
37 0.013184
38 0.007944
39 0.004887
40 0.004549
41 0.002371
42 0.000000
43 0.000000
44 0.000000
45 0.000000
46 0.000000
47 0.000000
48 0.000229
49 0.000353
