0 1.000000
1 0.531411
2 0.321001
3 0.202863
4 0.130544
5 0.086208
6 0.056087
7 0.039822
8 0.027881
9 0.019151
10 0.014479
11 0.013418
12 0.012923
13 0.007647
14 0.005702
15 0.004311
16 0.006139
17 0.006300
18 0.007629
19 0.008795
20 0.009304
21 0.008012
22 0.008049
23 0.005108
24 0.004280
25 0.003770
26 0.003662
27 0.006019
28 0.006704
29 0.005610
30 0.003225
31 0.003028
32 0.005951
33 0.008584
34 0.009762
35 0.009175
36 0.008903
37 0.007743
38 0.009908
39 0.007839
40 0.005876
41 0.000247
42 0.000000
43 0.000000
44 0.000000
45 0.000000
46 0.000000
47 0.000000
48 0.004235
49 0.006100
