0 1.000000
1 0.535613
2 0.325542
3 0.210748
4 0.143902
5 0.099990
6 0.071333
7 0.054358
8 0.040168
9 0.030752
10 0.023611
11 0.019112
12 0.015250
13 0.012984
14 0.009822
15 0.006965
16 0.003583
17 0.004404
18 0.004907
19 0.006551
20 0.005418
21 0.005902
22 0.003047
23 0.000000
24 0.000000
25 0.000000
26 0.000000
27 0.000000
28 0.000000
29 0.000000
30 0.000000
31 0.000000
32 0.000000
33 0.000000
34 0.000000
35 0.000000
36 0.000000
37 0.000000
38 0.000000
39 0.000000
40 0.000000
41 0.000000
42 0.000000
43 0.000000
44 0.000000
45 0.000000
46 0.000540
47 0.000000
48 0.000000
49 0.000000
