0 1.000000
1 0.545264
2 0.336136
3 0.223225
4 0.151010
5 0.102537
6 0.070693
7 0.048856
8 0.037110
9 0.020884
10 0.007778
11 0.003549
12 0.001664
13 0.000000
14 0.000000
15 0.000000
16 0.000000
17 0.000000
18 0.001841
19 0.000000
20 0.001856
21 0.003344
22 0.003490
23 0.000000
24 0.000538
25 0.002173
26 0.002704
27 0.002180
28 0.000555
29 0.000000
30 0.000000
31 0.002591
32 0.003863
33 0.006227
34 0.003406
35 0.002766
36 0.005330
37 0.002526
38 0.004261
39 0.005317
40 0.009867
41 0.008038
42 0.007246
43 0.006080
44 0.002735
45 0.001703
46 0.000942
47 0.000000
48 0.000000
49 0.001864
