0 1.000000
1 0.536496
2 0.329857
3 0.211394
4 0.135116
5 0.087056
6 0.059101
7 0.038090
8 0.024703
9 0.014609
10 0.010032
11 0.009112
12 0.003563
13 0.000000
14 0.000000
15 0.000000
16 0.000000
17 0.000000
18 0.000000
19 0.000000
20 0.000000
21 0.000000
22 0.000000
23 0.000788
24 0.001835
25 0.000732
26 0.000000
27 0.000000
28 0.000090
29 0.000000
30 0.000000
31 0.000000
32 0.000000
33 0.000000
34 0.000000
35 0.000000
36 0.000000
37 0.000000
38 0.000000
39 0.000000
40 0.000000
41 0.000000
42 0.000000
43 0.000000
44 0.000000
45 0.000000
46 0.000000
47 0.000000
48 0.000000
49 0.000000
