0 1.000000
1 0.556761
2 0.352693
3 0.235060
4 0.162322
5 0.118990
6 0.089619
7 0.066115
8 0.043577
9 0.025078
10 0.011726
11 0.002821
12 0.000367
13 0.000464
14 0.000424
15 0.003598
16 0.003274
17 0.001469
18 0.001659
19 0.004656
20 0.004941
21 0.006604
22 0.006533
23 0.007849
24 0.002644
25 0.003223
26 0.004243
27 0.002048
28 0.002997
29 0.000000
30 0.000000
31 0.000000
32 0.000000
33 0.000000
34 0.000000
35 0.000000
36 0.000000
37 0.000000
38 0.000000
39 0.000000
40 0.000000
41 0.000000
42 0.000000
43 0.000000
44 0.000000
45 0.000000
46 0.003531
47 0.003292
48 0.005963
49 0.005478
