0 1.000000
1 0.532161
2 0.327965
3 0.204635
4 0.128082
5 0.083686
6 0.056778
7 0.036913
8 0.023408
9 0.012921
10 0.007392
11 0.004712
12 0.001059
13 0.000000
14 0.000000
15 0.000000
16 0.000000
17 0.000000
18 0.000000
19 0.000000
20 0.000000
21 0.000000
22 0.000000
23 0.000000
24 0.000000
25 0.000000
26 0.000517
27 0.000000
28 0.000988
29 0.000387
30 0.000000
31 0.000000
32 0.000000
33 0.000000
34 0.000000
35 0.000000
36 0.000000
37 0.000000
38 0.001059
39 0.000000
40 0.000000
41 0.000000
42 0.000000
43 0.000000
44 0.000000
45 0.000000
46 0.000000
47 0.000000
48 0.000000
49 0.000691
