0 1.000000
1 0.530907
2 0.323357
3 0.201414
4 0.130730
5 0.087566
6 0.058503
7 0.036984
8 0.022710
9 0.016363
10 0.014265
11 0.011615
12 0.002458
13 0.000000
14 0.000000
15 0.000000
16 0.000000
17 0.000000
18 0.000349
19 0.000000
20 0.000000
21 0.000000
22 0.000000
23 0.000000
24 0.000000
25 0.000000
26 0.001292
27 0.003855
28 0.001794
29 0.000224
30 0.000000
31 0.000399
32 0.004607
33 0.002522
34 0.002245
35 0.004815
36 0.005092
37 0.001083
38 0.000000
39 0.000000
40 0.000000
41 0.000000
42 0.000000
43 0.000000
44 0.000000
45 0.000000
46 0.000000
47 0.000000
48 0.000000
49 0.000551
