0 1.000000
1 0.526665
2 0.317443
3 0.202144
4 0.132102
5 0.088146
6 0.059420
7 0.039867
8 0.025497
9 0.016587
10 0.015182
11 0.010168
12 0.007867
13 0.003490
14 0.000331
15 0.001258
16 0.000742
17 0.000398
18 0.000000
19 0.002640
20 0.001691
21 0.001743
22 0.001355
23 0.004859
24 0.003315
25 0.004686
26 0.007572
27 0.004446
28 0.006108
29 0.003960
30 0.003432
31 0.003001
32 0.007098
33 0.001751
34 0.001045
35 0.003764
36 0.005640
37 0.008470
38 0.004083
39 0.000000
40 0.000000
41 0.000000
42 0.000000
43 0.000000
44 0.000000
45 0.000000
46 0.000000
47 0.001918
48 0.004569
49 0.006617
