0 1.000000
1 0.648275
2 0.444998
3 0.310166
4 0.220327
5 0.157901
6 0.112688
7 0.080038
8 0.052115
9 0.032404
10 0.020674
11 0.013186
12 0.005526
13 0.002532
14 0.000449
15 0.000000
16 0.000000
17 0.000000
18 0.000000
19 0.000000
20 0.000000
21 0.000000
22 0.000000
23 0.000000
24 0.000000
25 0.000000
26 0.000000
27 0.000000
28 0.000000
29 0.000000
30 0.000000
31 0.000000
32 0.000000
33 0.000000
34 0.002527
35 0.003428
36 0.003931
37 0.002239
38 0.001680
39 0.000000
40 0.000000
41 0.000000
42 0.000000
43 0.000000
44 0.000000
45 0.000000
46 0.000000
47 0.000000
48 0.000000
49 0.000000
