0 1.000000
1 0.566736
2 0.361276
3 0.237790
4 0.165124
5 0.114417
6 0.080314
7 0.053916
8 0.034132
9 0.020057
10 0.014162
11 0.010679
12 0.006883
13 0.002759
14 0.002301
15 0.006621
16 0.004126
17 0.001845
18 0.003791
19 0.001768
20 0.001612
21 0.001934
22 0.000074
23 0.000000
24 0.000000
25 0.000000
26 0.001516
27 0.004073
28 0.004568
29 0.007908
30 0.002383
31 0.003846
32 0.000210
33 0.000000
34 0.000000
35 0.000000
36 0.001635
37 0.000000
38 0.000000
39 0.000000
40 0.002524
41 0.001635
42 0.002597
43 0.000000
44 0.000000
45 0.001770
46 0.002585
47 0.001963
48 0.001517
49 0.001666
