0 1.000000
1 0.524567
2 0.314580
3 0.201985
4 0.134560
5 0.090069
6 0.059613
7 0.042482
8 0.032121
9 0.024268
10 0.014328
11 0.008467
12 0.006221
13 0.008501
14 0.007595
15 0.000000
16 0.000000
17 0.000000
18 0.000000
19 0.000000
20 0.000727
21 0.000000
22 0.000000
23 0.000000
24 0.000000
25 0.000000
26 0.000000
27 0.000000
28 0.000000
29 0.000000
30 0.000000
31 0.000628
32 0.000000
33 0.002393
34 0.003037
35 0.000572
36 0.002691
37 0.000000
38 0.000000
39 0.000000
40 0.000000
41 0.000000
42 0.000000
43 0.000871
44 0.003262
45 0.000000
46 0.000482
47 0.000000
48 0.000000
49 0.000000
