0 1.000000
1 0.544475
2 0.336930
3 0.222019
4 0.150497
5 0.106842
6 0.069610
7 0.043807
8 0.028967
9 0.018542
10 0.009433
11 0.007365
12 0.003795
13 0.002348
14 0.005406
15 0.006003
16 0.002694
17 0.000452
18 0.002465
19 0.005129
20 0.008059
21 0.004307
22 0.003040
23 0.002792
24 0.000223
25 0.000000
26 0.000000
27 0.000000
28 0.000931
29 0.001196
30 0.000039
31 0.000062
32 0.001579
33 0.001465
34 0.000880
35 0.000069
36 0.003859
37 0.000051
38 0.000000
39 0.000000
40 0.000000
41 0.000333
42 0.000000
43 0.001460
44 0.003109
45 0.002103
46 0.000103
47 0.000000
48 0.000000
49 0.000000
