0 1.000000
1 0.538192
2 0.328756
3 0.214450
4 0.141936
5 0.095141
6 0.068878
7 0.052056
8 0.037635
9 0.026680
10 0.017366
11 0.009948
12 0.006317
13 0.003398
14 0.000560
15 0.002495
16 0.000701
17 0.000918
18 0.000000
19 0.003384
20 0.004487
21 0.001668
22 0.002668
23 0.000450
24 0.000000
25 0.000000
26 0.000000
27 0.000000
28 0.000000
29 0.000000
30 0.000000
31 0.000796
32 0.000037
33 0.000000
34 0.000000
35 0.000000
36 0.000188
37 0.000000
38 0.000000
39 0.000000
40 0.000000
41 0.000000
42 0.000000
43 0.000000
44 0.000000
45 0.000000
46 0.000000
47 0.000000
48 0.000000
49 0.001675
