0 1.000000
1 0.520591
2 0.310437
3 0.196273
4 0.127718
5 0.086316
6 0.057538
7 0.039751
8 0.027594
9 0.018367
10 0.015065
11 0.009156
12 0.005115
13 0.001570
14 0.000000
15 0.000000
16 0.000000
17 0.000000
18 0.000000
19 0.000363
20 0.000000
21 0.000000
22 0.000000
23 0.000000
24 0.000000
25 0.000000
26 0.000000
27 0.000000
28 0.000000
29 0.000000
30 0.000000
31 0.000000
32 0.000000
33 0.001526
34 0.002442
35 0.002186
36 0.000000
37 0.000470
38 0.004665
39 0.003067
40 0.003575
41 0.000960
42 0.004250
43 0.000000
44 0.000000
45 0.000000
46 0.000000
47 0.000000
48 0.000000
49 0.000000
