0 1.000000
1 0.534071
2 0.324685
3 0.217092
4 0.149224
5 0.101758
6 0.071901
7 0.049241
8 0.036399
9 0.020968
10 0.009129
11 0.003347
12 0.001993
13 0.003285
14 0.006958
15 0.006691
16 0.002205
17 0.000230
18 0.001476
19 0.003061
20 0.003901
21 0.003356
22 0.001507
23 0.002521
24 0.001549
25 0.002061
26 0.000422
27 0.000076
28 0.000000
29 0.000000
30 0.000000
31 0.000000
32 0.000099
33 0.001311
34 0.003665
35 0.006603
36 0.009931
37 0.008084
38 0.007410
39 0.005303
40 0.004069
41 0.003062
42 0.000835
43 0.002025
44 0.003096
45 0.007553
46 0.003801
47 0.003901
48 0.005827
49 0.004752
