0 1.000000
1 0.698654
2 0.493277
3 0.349622
4 0.249237
5 0.177858
6 0.126360
7 0.092072
8 0.062904
9 0.043686
10 0.029895
11 0.022066
12 0.015313
13 0.011495
14 0.006743
15 0.004892
16 0.003692
17 0.000000
18 0.000000
19 0.000000
20 0.000000
21 0.000000
22 0.000000
23 0.000000
24 0.000000
25 0.000000
26 0.000000
27 0.000513
28 0.003287
29 0.004050
30 0.003449
31 0.003334
32 0.002579
33 0.003154
34 0.006410
35 0.006592
36 0.006119
37 0.005604
38 0.005369
39 0.003433
40 0.002226
41 0.004122
42 0.005980
43 0.005109
44 0.003214
45 0.001182
46 0.000000
47 0.001006
48 0.000000
49 0.000182
