0 1.000000
1 0.534739
2 0.326118
3 0.210105
4 0.138684
5 0.092767
6 0.066019
7 0.044972
8 0.032628
9 0.021817
10 0.012922
11 0.006917
12 0.007510
13 0.001276
14 0.000000
15 0.000000
16 0.000000
17 0.001154
18 0.000022
19 0.000000
20 0.000000
21 0.000000
22 0.000000
23 0.000000
24 0.000000
25 0.000000
26 0.000000
27 0.000000
28 0.000000
29 0.000330
30 0.002422
31 0.002728
32 0.001804
33 0.001328
34 0.005449
35 0.007781
36 0.009652
37 0.009930
38 0.013981
39 0.011282
40 0.006602
41 0.005753
42 0.005448
43 0.001353
44 0.000818
45 0.000000
46 0.000000
47 0.000000
48 0.000000
49 0.000000
