0 1.000000
1 0.586129
2 0.382804
3 0.256727
4 0.177132
5 0.123265
6 0.086622
7 0.058977
8 0.038761
9 0.025898
10 0.017313
11 0.010814
12 0.008297
13 0.004047
14 0.004483
15 0.005538
16 0.005709
17 0.006346
18 0.002806
19 0.002130
20 0.001579
21 0.003146
22 0.000000
23 0.000000
24 0.000000
25 0.000000
26 0.000000
27 0.005756
28 0.007749
29 0.006878
30 0.002117
31 0.001683
32 0.000000
33 0.000000
34 0.000000
35 0.000000
36 0.000000
37 0.000000
38 0.000000
39 0.000000
40 0.000000
41 0.000000
42 0.000000
43 0.000525
44 0.000223
45 0.000000
46 0.000000
47 0.000000
48 0.000000
49 0.000000
