0 1.000000
1 0.525255
2 0.313556
3 0.198170
4 0.128264
5 0.087709
6 0.060093
7 0.037574
8 0.020304
9 0.017382
10 0.013529
11 0.013103
12 0.007948
13 0.006522
14 0.001194
15 0.000285
16 0.000000
17 0.000000
18 0.000000
19 0.000000
20 0.000000
21 0.000000
22 0.000000
23 0.000000
24 0.000000
25 0.000000
26 0.000000
27 0.000000
28 0.000000
29 0.000000
30 0.000000
31 0.000000
32 0.000000
33 0.000136
34 0.003417
35 0.000955
36 0.003389
37 0.002461
38 0.000000
39 0.000000
40 0.000000
41 0.001558
42 0.000000
43 0.000000
44 0.000000
45 0.000000
46 0.000000
47 0.000000
48 0.000000
49 0.000000
