0 1.000000
1 0.542366
2 0.334629
3 0.219263
4 0.149400
5 0.099399
6 0.068223
7 0.047210
8 0.031885
9 0.015145
10 0.009505
11 0.005863
12 0.001373
13 0.000000
14 0.000000
15 0.000642
16 0.005873
17 0.007487
18 0.006578
19 0.007337
20 0.003539
21 0.002369
22 0.000000
23 0.000000
24 0.000000
25 0.000000
26 0.000000
27 0.000000
28 0.000000
29 0.000000
30 0.000000
31 0.000000
32 0.001355
33 0.002338
34 0.000000
35 0.000000
36 0.003949
37 0.003373
38 0.006367
39 0.006129
40 0.006462
41 0.004216
42 0.003246
43 0.000748
44 0.000991
45 0.000770
46 0.000000
47 0.000000
48 0.000000
49 0.000000
