0 1.000000
1 0.585658
2 0.377848
3 0.253953
4 0.171382
5 0.118394
6 0.086560
7 0.064827
8 0.046037
9 0.027606
10 0.017081
11 0.005779
12 0.002280
13 0.000375
14 0.000000
15 0.000000
16 0.000000
17 0.000000
18 0.001281
19 0.001939
20 0.001286
21 0.006750
22 0.008172
23 0.007706
24 0.006009
25 0.003120
26 0.005066
27 0.004922
28 0.001422
29 0.000000
30 0.000000
31 0.000000
32 0.000000
33 0.000000
34 0.000000
35 0.000000
36 0.000000
37 0.000000
38 0.000000
39 0.000000
40 0.000000
41 0.000000
42 0.000000
43 0.000000
44 0.000000
45 0.001434
46 0.005133
47 0.004756
48 0.005700
49 0.007296
