0 1.000000
1 0.531533
2 0.320437
3 0.205663
4 0.133669
5 0.094782
6 0.063395
7 0.039829
8 0.029643
9 0.022743
10 0.017896
11 0.014573
12 0.015871
13 0.013370
14 0.012147
15 0.011480
16 0.008933
17 0.008617
18 0.010341
19 0.010982
20 0.009221
21 0.006897
22 0.009543
23 0.008415
24 0.007575
25 0.002922
26 0.001041
27 0.000572
28 0.000000
29 0.000000
30 0.000000
31 0.000000
32 0.001527
33 0.003135
34 0.007286
35 0.006338
36 0.005110
37 0.001222
38 0.002084
39 0.003162
40 0.004054
41 0.003617
42 0.000881
43 0.000000
44 0.000000
45 0.000000
46 0.000000
47 0.000000
48 0.000000
49 0.000000
