0 1.000000
1 0.532959
2 0.321161
3 0.202108
4 0.131689
5 0.092175
6 0.064314
7 0.048256
8 0.037903
9 0.034683
10 0.027907
11 0.021350
12 0.019414
13 0.015186
14 0.012746
15 0.011729
16 0.011844
17 0.006013
18 0.001709
19 0.004202
20 0.003143
21 0.002781
22 0.000454
23 0.001641
24 0.002460
25 0.000000
26 0.000000
27 0.000000
28 0.000000
29 0.000000
30 0.000000
31 0.000000
32 0.000000
33 0.000000
34 0.000000
35 0.000000
36 0.000000
37 0.000000
38 0.000000
39 0.000000
40 0.000000
41 0.000000
42 0.000000
43 0.000000
44 0.000000
45 0.000000
46 0.000000
47 0.000000
48 0.000000
49 0.000000
