0 1.000000
1 0.531616
2 0.323045
3 0.209160
4 0.133513
5 0.092718
6 0.061465
7 0.044975
8 0.033001
9 0.020454
10 0.013939
11 0.010329
12 0.008207
13 0.005307
14 0.002354
15 0.000000
16 0.000000
17 0.000000
18 0.000000
19 0.000000
20 0.002111
21 0.008784
22 0.006588
23 0.002572
24 0.004855
25 0.004284
26 0.006167
27 0.008541
28 0.001480
29 0.000000
30 0.000000
31 0.000000
32 0.000000
33 0.000000
34 0.000000
35 0.000000
36 0.000000
37 0.000000
38 0.000000
39 0.000000
40 0.003270
41 0.000000
42 0.001954
43 0.003656
44 0.001142
45 0.000979
46 0.002873
47 0.002809
48 0.004441
49 0.000619
