0 1.000000
1 0.557845
2 0.356734
3 0.233705
4 0.152725
5 0.106949
6 0.074058
7 0.047688
8 0.030403
9 0.014223
10 0.006994
11 0.002398
12 0.000000
13 0.000000
14 0.000000
15 0.000726
16 0.004111
17 0.006729
18 0.010604
19 0.009870
20 0.003911
21 0.001731
22 0.001011
23 0.000623
24 0.000000
25 0.000000
26 0.000000
27 0.000000
28 0.000000
29 0.000000
30 0.000000
31 0.000000
32 0.000147
33 0.001163
34 0.003840
35 0.005906
36 0.007390
37 0.003920
38 0.002916
39 0.003155
40 0.000395
41 0.000000
42 0.000000
43 0.000000
44 0.000000
45 0.000000
46 0.000000
47 0.000000
48 0.000000
49 0.000000
