0 40.62
1 54.69
2 57.81
3 56.25
4 59.38
5 59.38
6 45.31
7 59.38
8 53.12
9 53.12
10 43.75
11 54.69
12 51.56
13 53.12
14 50.00
15 48.44
16 62.50
17 50.00
18 51.56
19 51.56
20 51.56
21 54.69
22 57.81
23 48.44
24 46.88
25 53.12
26 45.31
27 50.00
28 51.56
29 51.56
30 50.00
31 42.19
32 50.00
33 54.69
34 57.81
35 54.69
36 45.31
37 46.88
38 48.44
39 54.69
40 48.44
41 59.38
42 57.81
43 56.25
44 60.94
45 56.25
46 50.00
47 54.69
48 64.06
49 56.25
50 46.88
51 64.06
52 54.69
53 56.25
54 51.56
55 54.69
56 59.38
57 59.38
58 59.38
59 59.38
60 56.25
61 59.38
62 50.00
63 57.81
64 60.94
65 48.44
66 42.19
67 67.19
68 56.25
69 54.69
70 54.69
71 46.88
72 54.69
73 57.81
74 53.12
75 37.50
76 60.94
77 67.19
78 51.56
79 65.62
80 56.25
81 60.94
82 54.69
83 56.25
84 54.69
85 48.44
86 45.31
87 59.38
88 46.88
89 51.56
90 54.69
91 45.31
92 54.69
93 53.12
94 45.31
95 67.19
96 51.56
97 45.31
98 51.56
99 56.25
100 51.56
101 35.94
102 46.88
103 48.44
104 70.31
105 54.69
106 54.69
107 45.31
108 54.69
109 51.56
110 50.00
111 43.75
112 56.25
113 48.44
114 62.50
115 62.50
116 54.69
117 57.81
118 48.44
119 51.56
120 45.31
121 70.31
122 54.69
123 53.12
124 59.38
125 51.56
126 54.69
127 57.81
128 42.19
129 57.81
130 48.44
131 56.25
132 46.88
133 46.88
134 45.31
135 54.69
136 59.38
137 54.69
138 60.94
139 62.50
140 62.50
141 57.81
142 42.19
143 48.44
144 57.81
145 51.56
146 57.81
147 53.12
148 51.56
149 54.69
150 60.94
151 40.62
152 56.25
153 53.12
154 42.19
155 43.75
156 46.88
157 54.69
158 46.88
159 60.94
160 46.88
161 59.38
162 53.12
163 43.75
164 54.69
165 56.25
166 40.62
167 56.25
168 59.38
169 50.00
170 57.81
171 54.69
172 59.38
173 57.81
174 54.69
175 51.56
176 50.00
177 50.00
178 54.69
179 57.81
180 48.44
181 46.88
182 50.00
183 46.88
184 43.75
185 60.94
186 51.56
187 53.12
188 54.69
189 45.31
190 50.00
191 42.19
192 43.75
193 50.00
194 46.88
195 42.19
196 43.75
197 53.12
198 64.06
199 57.81
200 64.06
201 56.25
202 45.31
203 64.06
204 45.31
205 54.69
206 59.38
207 48.44
208 48.44
209 50.00
210 48.44
211 46.88
212 59.38
213 43.75
214 39.06
215 45.31
216 60.94
217 51.56
218 46.88
219 57.81
220 48.44
221 59.38
222 48.44
223 50.00
224 64.06
225 51.56
226 56.25
227 54.69
228 53.12
229 59.38
230 56.25
231 54.69
232 59.38
233 48.44
234 62.50
235 40.62
236 48.44
237 54.69
238 56.25
239 54.69
240 56.25
241 57.81
242 37.50
243 57.81
244 54.69
245 48.44
246 59.38
247 64.06
248 56.25
249 53.12
250 46.88
251 62.50
252 60.94
253 48.44
254 50.00
255 60.94
256 54.69
257 39.06
258 46.88
259 53.12
260 48.44
261 68.75
262 65.62
263 54.69
264 42.19
265 51.56
266 54.69
267 48.44
268 65.62
269 56.25
270 46.88
271 54.69
272 45.31
273 59.38
274 50.00
275 51.56
276 45.31
277 57.81
278 50.00
279 39.06
280 53.12
281 59.38
282 45.31
283 60.94
284 45.31
285 51.56
286 43.75
287 56.25
288 48.44
289 54.69
290 50.00
291 48.44
292 57.81
293 43.75
294 46.88
295 50.00
296 57.81
297 48.44
298 57.81
299 48.44
300 45.31
301 53.12
302 54.69
303 53.12
304 46.88
305 43.75
306 60.94
307 60.94
308 65.62
309 50.00
310 56.25
311 46.88
312 48.44
313 50.00
314 50.00
315 53.12
316 51.56
317 50.00
318 48.44
319 45.31
320 51.56
321 64.06
322 51.56
323 53.12
324 48.44
325 45.31
326 54.69
327 53.12
328 51.56
329 45.31
330 54.69
331 46.88
332 62.50
333 50.00
334 56.25
335 48.44
336 39.06
337 48.44
338 51.56
339 54.69
340 64.06
341 45.31
342 50.00
343 51.56
344 56.25
345 45.31
346 51.56
347 50.00
348 53.12
349 48.44
350 40.62
351 50.00
352 64.06
353 53.12
354 60.94
355 43.75
356 43.75
357 45.31
358 64.06
359 50.00
360 59.38
361 50.00
362 46.88
363 62.50
364 53.12
365 48.44
366 54.69
367 54.69
368 56.25
369 57.81
370 39.06
371 56.25
372 56.25
373 48.44
374 53.12
375 53.12
376 46.88
377 62.50
378 64.06
379 42.19
380 59.38
381 48.44
382 60.94
383 54.69
384 50.00
385 53.12
386 73.44
387 45.31
388 57.81
389 43.75
390 59.38
391 48.44
392 59.38
393 51.56
394 39.06
395 51.56
396 51.56
397 51.56
398 54.69
399 56.25
400 56.25
401 45.31
402 56.25
403 43.75
404 40.62
405 45.31
406 51.56
407 54.69
408 48.44
409 48.44
410 54.69
411 43.75
412 45.31
413 62.50
414 60.94
415 45.31
416 48.44
417 54.69
418 42.19
419 40.62
420 42.19
421 54.69
422 51.56
423 56.25
424 48.44
425 59.38
426 50.00
427 45.31
428 40.62
429 57.81
430 53.12
431 56.25
432 60.94
433 45.31
434 53.12
435 62.50
436 53.12
437 35.94
438 62.50
439 50.00
440 48.44
441 54.69
442 56.25
443 56.25
444 53.12
445 60.94
446 43.75
447 50.00
448 53.12
449 43.75
450 40.62
451 60.94
452 56.25
453 57.81
454 53.12
455 64.06
456 42.19
457 56.25
458 46.88
459 37.50
460 62.50
461 53.12
462 50.00
463 53.12
464 67.19
465 50.00
466 65.62
467 46.88
468 46.88
469 68.75
470 43.75
471 35.94
472 54.69
473 64.06
474 54.69
475 51.56
476 53.12
477 45.31
478 60.94
479 64.06
480 46.88
481 56.25
482 51.56
483 60.94
484 59.38
485 60.94
486 50.00
487 45.31
488 57.81
489 51.56
490 59.38
491 53.12
492 57.81
493 60.94
494 45.31
495 56.25
496 48.44
497 39.06
498 51.56
499 53.12
500 28.12
501 59.38
502 64.06
503 45.31
504 60.94
505 43.75
506 40.62
507 54.69
508 60.94
509 50.00
510 67.19
511 59.38
512 56.25
513 48.44
514 43.75
515 59.38
516 48.44
517 42.19
518 46.88
519 50.00
520 57.81
521 54.69
522 46.88
523 46.88
524 56.25
525 57.81
526 64.06
527 51.56
528 54.69
529 53.12
530 50.00
531 54.69
532 51.56
533 53.12
534 43.75
535 46.88
536 59.38
537 56.25
538 37.50
539 46.88
540 46.88
541 56.25
542 46.88
543 51.56
544 53.12
545 51.56
546 40.62
547 53.12
548 51.56
549 42.19
550 67.19
551 34.38
552 57.81
553 56.25
554 40.62
555 51.56
556 51.56
557 42.19
558 42.19
559 51.56
560 45.31
561 56.25
562 48.44
563 45.31
564 45.31
565 57.81
566 50.00
567 67.19
568 57.81
569 43.75
570 50.00
571 40.62
572 46.88
573 56.25
574 42.19
575 56.25
576 42.19
577 56.25
578 45.31
579 59.38
580 51.56
581 50.00
582 48.44
583 54.69
584 53.12
585 65.62
586 43.75
587 59.38
588 48.44
589 56.25
590 50.00
591 51.56
592 50.00
593 48.44
594 48.44
595 67.19
596 56.25
597 56.25
598 42.19
599 45.31
600 48.44
601 53.12
602 48.44
603 57.81
604 62.50
605 46.88
606 50.00
607 50.00
608 39.06
609 48.44
610 60.94
611 48.44
612 56.25
613 53.12
614 56.25
615 46.88
616 50.00
617 59.38
618 51.56
619 53.12
620 59.38
621 54.69
622 54.69
623 53.12
624 35.94
625 50.00
626 43.75
627 53.12
628 51.56
629 48.44
630 42.19
631 59.38
632 48.44
633 48.44
634 56.25
635 46.88
636 56.25
637 51.56
638 50.00
639 53.12
640 50.00
641 46.88
642 51.56
643 57.81
644 64.06
645 57.81
646 56.25
647 51.56
648 37.50
649 53.12
650 59.38
651 54.69
652 56.25
653 45.31
654 46.88
655 46.88
656 56.25
657 45.31
658 56.25
659 51.56
660 54.69
661 51.56
662 54.69
663 50.00
664 48.44
665 54.69
666 46.88
667 56.25
668 46.88
669 43.75
670 54.69
671 51.56
672 50.00
673 48.44
674 51.56
675 57.81
676 53.12
677 50.00
678 54.69
679 57.81
680 62.50
681 48.44
682 45.31
683 46.88
684 51.56
685 54.69
686 46.88
687 53.12
688 56.25
689 57.81
690 56.25
691 53.12
692 45.31
693 46.88
694 54.69
695 57.81
696 40.62
697 54.69
698 50.00
699 45.31
700 40.62
701 56.25
702 67.19
703 57.81
704 50.00
705 46.88
706 53.12
707 56.25
708 51.56
709 51.56
710 51.56
711 54.69
712 56.25
713 57.81
714 48.44
715 51.56
716 51.56
717 53.12
718 54.69
719 59.38
720 59.38
721 54.69
722 46.88
723 53.12
724 53.12
725 51.56
726 43.75
727 51.56
728 56.25
729 51.56
730 59.38
731 53.12
732 56.25
733 59.38
734 46.88
735 48.44
736 62.50
737 45.31
738 56.25
739 54.69
740 50.00
741 53.12
742 45.31
743 46.88
744 43.75
745 48.44
746 50.00
747 56.25
748 50.00
749 57.81
750 45.31
751 45.31
752 46.88
753 56.25
754 42.19
755 51.56
756 51.56
757 54.69
758 57.81
759 57.81
760 53.12
761 48.44
762 57.81
763 51.56
764 51.56
765 53.12
766 50.00
767 57.81
768 56.25
769 37.50
770 51.56
771 57.81
772 65.62
773 51.56
774 56.25
775 46.88
776 53.12
777 50.00
778 59.38
779 45.31
780 62.50
781 50.00
782 46.88
783 59.38
784 59.38
785 57.81
786 54.69
787 53.12
788 54.69
789 54.69
790 51.56
791 54.69
792 54.69
793 53.12
794 65.62
795 50.00
796 64.06
797 62.50
798 62.50
799 56.25
800 56.25
801 68.75
802 56.25
803 57.81
804 53.12
805 54.69
806 46.88
807 59.38
808 51.56
809 56.25
810 43.75
811 43.75
812 51.56
813 46.88
814 60.94
815 65.62
816 51.56
817 64.06
818 57.81
819 40.62
820 46.88
821 50.00
822 51.56
823 46.88
824 48.44
825 56.25
826 50.00
827 51.56
828 46.88
829 34.38
830 46.88
831 43.75
832 50.00
833 62.50
834 50.00
835 50.00
836 56.25
837 53.12
838 62.50
839 46.88
840 56.25
841 56.25
842 45.31
843 59.38
844 43.75
845 46.88
846 54.69
847 53.12
848 53.12
849 57.81
850 48.44
851 54.69
852 54.69
853 46.88
854 43.75
855 62.50
856 35.94
857 59.38
858 62.50
859 40.62
860 48.44
861 48.44
862 53.12
863 57.81
864 54.69
865 54.69
866 56.25
867 50.00
868 59.38
869 43.75
870 40.62
871 64.06
872 60.94
873 59.38
874 42.19
875 53.12
876 53.12
877 65.62
878 51.56
879 57.81
880 59.38
881 57.81
882 57.81
883 53.12
884 48.44
885 59.38
886 48.44
887 51.56
888 42.19
889 45.31
890 56.25
891 59.38
892 57.81
893 57.81
894 57.81
895 48.44
896 48.44
897 53.12
898 48.44
899 40.62
900 59.38
901 53.12
902 51.56
903 54.69
904 51.56
905 50.00
906 54.69
907 59.38
908 57.81
909 59.38
910 56.25
911 56.25
912 40.62
913 50.00
914 59.38
915 37.50
916 57.81
917 59.38
918 54.69
919 51.56
920 57.81
921 45.31
922 57.81
923 43.75
924 48.44
925 51.56
926 56.25
927 39.06
928 62.50
929 50.00
930 50.00
931 48.44
932 53.12
933 48.44
934 51.56
935 53.12
936 57.81
937 56.25
938 53.12
939 51.56
940 54.69
941 60.94
942 54.69
943 46.88
944 54.69
945 57.81
946 60.94
947 48.44
948 46.88
949 59.38
950 59.38
951 53.12
952 59.38
953 46.88
954 51.56
955 65.62
956 45.31
957 48.44
958 45.31
959 51.56
960 43.75
961 60.94
962 50.00
963 53.12
964 56.25
965 50.00
966 54.69
967 45.31
968 56.25
969 53.12
970 51.56
971 56.25
972 57.81
973 45.31
974 50.00
975 45.31
976 54.69
977 53.12
978 56.25
979 50.00
980 50.00
981 34.38
982 56.25
983 60.94
984 43.75
985 54.69
986 48.44
987 46.88
988 56.25
989 60.94
990 43.75
991 51.56
992 53.12
993 53.12
994 48.44
995 50.00
996 54.69
997 43.75
998 45.31
999 50.00
