0 -0.630182
1 -1.158635
2 -1.264374
3 -0.551020
4 -0.081879
5 1.093140
6 0.913340
7 1.015049
8 1.055594
9 0.394542
10 0.391722
11 0.427364
12 -0.155435
13 -0.211982
14 -0.138198
15 0.995041
16 -0.742067
17 -0.129330
18 -1.029556
19 -1.202236
20 0.297213
21 0.209302
22 -0.329056
23 -0.586066
24 0.101943
25 0.029079
26 0.454374
27 -0.186872
28 0.428926
29 0.485787
30 0.918953
31 -0.078588
32 -0.898861
33 -0.013236
34 1.447244
35 0.698062
36 0.670795
37 0.099549
38 -0.646561
39 0.096228
40 1.191719
41 0.171816
42 -0.227975
43 -0.110809
44 0.345606
45 -0.245140
46 -0.417592
47 -0.088125
48 -0.338031
49 -0.639989
50 -0.022049
51 0.789022
52 -0.127092
53 0.130561
54 0.882174
55 0.751907
56 -0.248714
57 0.228886
58 0.298293
59 -0.997859
60 -0.192122
61 0.224726
62 -0.139153
63 -0.971622
