0 0.000000
1 7.715382
2 22.230178
3 26.380512
4 29.925462
5 27.717105
6 32.013178
7 34.429521
8 32.596284
9 38.343609
10 36.792359
11 34.540336
12 34.462543
13 41.181813
14 28.478333
15 26.616445
16 32.770033
17 31.877098
18 44.965159
19 32.838697
20 30.608194
21 36.438489
22 33.453881
23 31.957662
24 29.997939
25 32.505518
26 39.056498
27 30.543979
28 32.592555
29 33.264317
30 31.797530
31 38.257498
32 44.670158
33 38.503428
34 36.222374
35 34.571738
36 37.567145
37 34.024348
38 41.460318
39 29.851627
40 33.938490
41 30.377697
42 23.773291
43 30.259448
44 32.423283
45 34.632410
46 39.830733
47 38.092269
48 37.079972
49 34.387251
50 32.586199
51 34.120625
52 34.785095
53 26.405429
54 29.031389
55 30.136509
56 23.914158
57 26.863159
58 32.127023
59 26.954790
60 36.791939
61 34.546699
62 29.763163
63 37.623460
64 33.450713
65 31.381820
66 34.029355
67 36.835751
68 36.748539
69 33.655594
70 31.856755
71 33.849056
72 35.792122
73 33.539840
74 31.591143
75 29.299740
76 32.347797
77 28.654037
78 35.134568
79 25.925887
80 24.945590
81 28.987036
82 29.236208
83 32.920901
84 31.276963
85 28.087732
86 29.211301
87 31.689669
88 31.648101
89 38.469201
90 30.170027
91 25.480620
92 34.446976
93 35.830659
94 34.983891
95 34.529621
96 26.078659
97 24.665773
98 19.135932
99 20.720034
100 21.900365
101 25.812687
102 25.967821
103 31.015057
104 33.641694
105 25.958458
106 25.076137
107 26.545973
108 35.125910
109 28.723361
110 26.469712
111 28.907546
112 16.734750
113 28.558952
114 31.689169
115 30.215747
116 29.331760
117 21.227045
118 22.606562
119 23.907540
120 27.602626
121 35.605934
122 37.212964
123 34.043255
124 37.349607
125 35.698663
126 38.701014
127 37.444015
128 36.612695
129 35.741471
130 41.964732
131 35.729935
132 38.078247
133 27.376029
134 29.091619
135 27.253704
136 29.585346
137 27.574151
138 34.417682
139 32.591692
140 35.710249
141 27.784090
142 20.003962
143 23.942538
144 21.702815
145 31.446170
146 30.839433
147 26.683173
148 29.990427
149 28.396070
150 27.287584
151 30.474611
152 24.504336
153 22.448358
154 21.780331
155 23.618785
156 28.297786
157 35.100266
158 32.710909
159 33.312507
160 30.332135
161 29.885697
162 32.262867
163 25.740535
164 21.649623
165 27.991625
166 35.783077
167 31.676026
168 35.501037
169 43.205216
170 40.981438
171 35.899471
172 34.108162
173 28.905441
174 31.730899
175 36.080454
176 36.799333
177 28.054272
178 27.344671
179 23.198210
180 32.606004
181 37.772285
182 34.912764
183 37.553823
184 41.821780
185 37.074690
186 36.452127
187 29.575844
188 29.398061
189 28.635186
190 32.269507
191 32.657393
192 32.416144
193 26.017711
194 32.808386
195 38.606690
196 40.867522
197 36.241021
198 38.362712
199 28.031388
200 26.021484
201 34.239598
202 33.948893
203 34.541972
204 28.024473
205 23.838499
206 27.233964
207 28.953520
208 33.987294
209 29.590794
210 29.181540
211 29.555307
212 18.406663
213 19.280933
214 24.473431
215 26.987049
216 34.748982
217 35.068684
218 36.211134
219 32.715294
220 27.419862
221 28.785277
222 32.497799
223 31.957138
224 30.403849
225 25.584647
226 23.914737
227 40.855735
228 38.746952
229 33.981991
230 31.599406
231 23.914125
232 26.142737
233 29.577900
234 25.936318
235 24.435403
236 22.444023
237 29.006085
238 31.882719
239 37.082876
240 41.753374
241 29.465188
242 26.686844
243 26.191639
244 33.736845
245 34.694175
246 28.566038
247 25.679787
248 27.168041
249 30.986478
250 36.073632
251 36.361501
252 47.580997
253 34.154443
254 36.411324
255 38.060535
256 33.123011
257 29.524835
258 24.677802
259 24.094477
260 31.502163
261 32.821178
262 37.898013
263 39.583619
264 42.703502
265 45.162978
266 31.772585
267 35.333615
268 37.829217
269 41.211577
270 32.159825
271 31.581193
272 31.866433
273 34.401503
274 35.959388
275 33.139571
276 33.700764
277 29.774263
278 28.601789
279 29.689204
280 25.916379
281 32.231868
282 28.930813
283 33.804421
284 33.270563
285 21.655333
286 23.971144
287 24.907551
288 26.800847
289 28.196023
290 23.626505
291 26.432391
292 21.240900
293 25.194186
294 28.166578
295 33.504413
296 29.837899
297 38.360267
298 34.843482
299 32.552491
300 30.652056
301 41.993482
302 39.711628
303 28.982855
304 37.478811
305 31.618224
306 27.761264
307 32.003507
308 26.694089
309 28.551415
310 33.602067
311 34.431968
312 32.779410
313 27.610970
314 31.773459
315 30.309282
316 41.035796
317 30.688814
318 27.587931
319 24.656105
320 30.412880
321 30.123650
322 30.320870
323 28.876216
324 28.460166
325 25.388818
326 36.201690
327 28.180275
328 43.517510
329 41.586365
330 38.863267
331 37.553941
332 26.972786
333 25.739647
334 17.125791
335 24.528626
336 31.367808
337 36.802886
338 27.782607
339 24.063194
340 29.239723
341 24.553863
342 30.031187
343 29.578973
344 41.204536
345 31.982292
346 28.598013
347 30.011124
348 29.598114
349 33.674608
350 29.478183
351 25.412889
352 36.702560
353 34.127350
354 34.568189
355 30.686392
356 29.518426
357 22.018160
358 29.750023
359 30.781698
360 31.933172
361 23.778253
362 22.057562
363 25.768507
364 32.550242
365 37.217597
366 25.307375
367 28.639468
368 27.562131
369 29.179252
370 30.197101
371 27.015212
372 31.639434
373 36.116394
374 29.752814
375 31.796540
376 33.725966
377 36.134097
378 29.790400
379 34.722840
380 43.497465
381 36.272326
382 39.386581
383 28.245014
384 21.477467
385 18.612673
386 22.628236
387 23.685764
388 19.777025
389 20.725902
390 24.455579
391 27.705777
392 33.812714
393 35.924469
394 40.328921
395 33.445253
396 35.558722
397 39.163044
398 42.623336
399 39.993006
400 31.810546
401 41.067235
402 36.245706
403 31.989471
404 39.700306
405 38.562682
406 33.174044
407 30.428256
408 26.708471
409 31.340494
410 27.021679
411 31.348235
412 32.451133
413 36.353645
414 31.900357
415 29.066129
416 29.309386
417 34.280180
418 28.812362
419 34.753972
420 35.799869
421 30.037625
422 25.724531
423 33.769337
424 34.989589
425 35.322176
426 29.820104
427 26.258399
428 26.829534
429 25.828366
430 26.458371
431 30.888325
432 35.880528
433 34.283839
434 30.432183
435 36.586500
436 35.382075
437 39.616410
438 38.029883
439 40.051851
440 42.267171
441 33.098919
442 35.953436
443 35.973087
444 34.181568
445 33.894032
446 32.625014
447 32.946943
448 32.458658
449 34.209829
450 30.187286
451 29.906528
452 41.874022
453 41.388823
454 31.411510
455 31.507126
456 32.395358
457 39.495132
458 29.930143
459 34.430178
460 39.903392
461 36.083175
462 27.350278
463 31.711815
464 34.301087
465 29.116837
466 32.401392
467 31.984215
468 36.704363
469 35.287730
470 29.541750
471 32.185081
472 31.897788
473 42.048770
474 43.284458
475 35.823176
476 41.823289
477 37.672290
478 28.168826
479 33.770989
480 30.260887
481 25.929569
482 28.939747
483 25.025549
484 28.033115
485 26.416130
486 26.209730
487 27.329511
488 24.152334
489 26.790509
490 26.286962
491 29.543624
492 32.252815
493 35.636972
494 30.344881
495 31.069173
496 35.715496
497 40.427806
498 37.165176
499 36.524986
500 32.361019
501 23.948013
502 34.435252
503 37.753134
504 37.944399
505 41.219290
506 38.280013
507 29.244315
508 31.391721
509 32.410307
510 32.038829
511 35.705888
512 29.720940
513 32.124345
514 29.394021
515 40.620741
516 35.606830
517 31.477912
518 34.497661
519 31.879187
520 27.551733
521 33.055772
522 32.325984
523 34.728746
524 35.958603
525 38.705756
526 38.057977
527 36.406517
528 36.871716
529 32.790162
530 42.002802
531 32.516687
532 25.987026
533 30.697225
534 31.833036
535 30.199699
536 27.604377
537 33.879442
538 34.064352
539 33.851757
540 40.611969
541 37.525794
542 30.296767
543 32.805997
544 32.859142
545 37.819055
546 40.812364
547 33.178898
548 33.759931
549 28.295693
550 34.047983
551 29.295993
552 25.142491
553 28.861335
554 26.955479
555 25.924443
556 28.552441
557 34.826255
558 30.380163
559 32.239155
560 32.966694
561 30.060226
562 31.729919
563 34.401622
564 31.981663
565 34.849063
566 36.075499
567 29.790475
568 27.750695
569 26.866312
570 28.460004
571 38.987041
572 34.988580
573 34.489451
574 31.462604
575 37.600360
576 30.931534
577 25.382386
578 29.108555
579 34.455289
580 35.933933
581 37.624516
582 33.391873
583 35.993995
584 39.319556
585 33.780882
586 33.960201
587 30.464794
588 30.109068
589 24.807914
590 30.654160
591 35.974459
592 36.233768
593 32.054242
594 39.115133
595 27.663256
596 24.989872
597 29.111110
598 27.631067
599 29.252243
600 30.701439
601 30.464050
602 30.132054
603 32.288996
604 31.155130
605 41.367044
606 28.414414
607 38.873138
608 34.197251
609 36.137132
610 34.310933
611 35.199294
612 38.197257
613 30.145654
614 33.496546
615 32.743009
616 30.385622
617 38.867369
618 29.915925
619 26.972331
620 25.292303
621 30.489789
622 24.788891
623 31.434903
624 32.522031
625 29.686724
626 29.290938
627 34.955699
628 29.932307
629 27.532486
630 29.208818
631 32.819336
632 38.813288
633 37.274960
634 38.500555
635 32.072539
636 31.722387
637 29.502674
638 43.460303
639 33.137806
640 33.884340
641 38.765302
642 31.262111
643 34.362971
644 35.610415
645 38.163883
646 39.372217
647 41.281376
648 34.478968
649 37.148265
650 36.243500
651 26.861070
652 23.461075
653 28.734215
654 32.542157
655 32.635926
656 31.333017
657 35.267380
658 28.112715
659 29.625117
660 25.331233
661 28.756884
662 30.599421
663 33.207368
664 30.491414
665 28.066914
666 35.095814
667 28.747424
668 25.210983
669 25.343251
670 26.121097
671 32.105041
672 27.161193
673 34.951761
674 30.804090
675 34.561686
676 34.155520
677 33.589398
678 27.809323
679 29.281758
680 33.875154
681 38.515387
682 29.084403
683 25.652344
684 25.411983
685 29.036887
686 25.895387
687 30.620851
688 33.117988
689 30.139139
690 31.011578
691 32.023511
692 29.927805
693 26.346587
694 32.275338
695 26.725291
696 27.527967
697 35.105061
698 34.476159
699 34.452840
700 28.852414
701 22.071985
702 30.309892
703 41.082877
704 37.471420
705 44.012259
706 34.618713
707 32.339404
708 29.053159
709 34.903915
710 36.395558
711 35.838185
712 41.256260
713 39.328352
714 31.681814
715 31.434952
716 27.996872
717 28.837892
718 35.334987
719 26.675558
720 33.165807
721 30.933070
722 28.715458
723 30.586489
724 32.502728
725 30.354837
726 26.996692
727 27.574507
728 33.083351
729 35.742984
730 31.884824
731 37.374830
732 39.422760
733 39.446415
734 33.133111
735 33.407756
736 38.662087
737 38.297411
738 33.252503
739 36.344901
740 36.564285
741 27.532089
742 20.769925
743 24.911769
744 23.503537
745 22.709591
746 23.948919
747 35.202021
748 34.503935
749 24.218581
750 29.803777
751 33.063377
752 35.193994
753 29.725669
754 31.090095
755 37.775168
756 40.927627
757 35.715412
758 30.566767
759 29.974398
760 31.601755
761 24.361818
762 29.127259
763 35.829985
764 35.462623
765 37.126059
766 39.378838
767 37.924355
768 38.901342
769 28.002340
770 26.103749
771 35.733148
772 41.873362
773 41.758693
774 41.809491
775 37.203535
776 40.808223
777 37.899198
778 40.034274
779 32.841533
780 32.810813
781 31.785707
782 33.359031
783 31.660254
784 28.553430
785 25.402610
786 27.650941
787 33.674017
788 28.357934
789 27.779562
790 24.607905
791 27.213869
792 27.762318
793 25.958903
794 30.872861
795 35.833558
796 34.076911
797 28.355915
798 22.834241
799 33.163100
800 31.883994
801 38.335683
802 33.276831
803 34.354163
804 24.118645
805 25.223668
806 25.015341
807 22.985641
808 23.810714
809 22.842564
810 24.121248
811 20.169589
812 22.575417
813 26.478372
814 19.724084
815 26.953928
816 28.461860
817 30.290903
818 30.733560
819 26.702943
820 27.029691
821 31.115014
822 39.370516
823 29.468264
824 26.654057
825 20.110524
826 24.863909
827 31.500029
828 38.410242
829 32.143873
830 28.546454
831 30.298995
832 27.133278
833 22.788767
834 20.477879
835 25.260436
836 37.491800
837 38.641452
838 31.875422
839 31.193547
840 32.059495
841 25.694449
842 32.038700
843 29.972544
844 31.198877
845 36.737502
846 31.125984
847 30.353234
848 24.994833
849 36.367974
850 30.647146
851 25.777102
852 32.504870
853 35.538083
854 31.270707
855 43.839881
856 36.100682
857 36.102648
858 34.663376
859 30.934639
860 28.235047
861 20.917086
862 22.727752
863 31.012126
864 30.445786
865 32.304392
866 27.718143
867 33.035448
868 27.117998
869 23.460292
870 27.910785
871 29.721200
872 28.359075
873 30.666108
874 40.827009
875 25.286983
876 23.452201
877 21.028691
878 26.303110
879 20.176964
880 25.754472
881 29.929045
882 29.928611
883 29.700772
884 37.914651
885 32.671775
886 26.593417
887 30.875962
888 29.377479
889 27.127347
890 28.829813
891 25.279572
892 32.202011
893 32.797326
894 26.518661
895 29.679883
896 33.210792
897 39.663949
898 41.878860
899 34.818405
900 34.018432
901 25.985997
902 25.603181
903 24.964143
904 30.480675
905 38.942847
906 35.619648
907 37.515823
908 41.030209
909 34.963911
910 36.434994
911 33.873298
912 36.434668
913 34.097226
914 38.111768
915 38.277051
916 34.273392
917 38.046944
918 34.246884
919 31.068288
920 39.234344
921 48.873482
922 45.482639
923 51.403714
924 51.181917
925 58.315650
926 64.145754
927 57.198359
928 56.392477
929 47.402263
930 42.319798
931 39.484749
932 32.759811
933 34.463075
934 37.248318
935 39.565689
936 32.953548
937 42.108848
938 39.642953
939 36.494048
940 46.379330
941 44.492857
942 34.647488
943 41.645366
944 39.316942
945 36.200704
946 27.392613
947 30.024923
948 28.679389
949 30.366971
950 23.621291
951 32.289893
952 32.384990
953 30.699054
954 31.161054
955 32.526779
956 26.821185
957 31.263072
958 24.942450
959 26.331581
960 30.103040
961 37.195516
962 37.598278
963 25.657596
964 29.481037
965 27.446820
966 29.919350
967 33.118541
968 29.408691
969 17.528793
970 27.229382
971 25.630309
972 33.046948
973 36.941746
974 34.846339
975 40.380585
976 31.295997
977 29.555185
978 31.051040
979 27.278954
980 33.426005
981 41.771924
982 38.658781
983 34.344420
984 36.546548
985 41.543682
986 38.243088
987 37.785243
988 34.653505
989 35.374749
990 31.625865
991 38.673530
992 34.710323
993 43.002121
994 36.496490
995 30.996684
996 22.180593
997 27.935817
998 21.293598
999 22.635149
1000 22.707488
