0 635.819431
1 493.234412
2 381.491494
3 283.968517
4 164.617561
5 112.019231
6 104.264008
7 87.385262
8 79.386883
9 62.953503
10 57.189768
11 47.931540
12 50.598102
13 45.359881
14 37.398901
15 34.054832
16 25.834861
17 31.207096
18 31.740028
19 37.363439
20 33.979343
21 29.910555
22 32.675884
23 36.318091
24 32.088997
25 32.735591
26 33.222322
27 32.814673
28 40.136831
29 36.060914
30 41.668377
31 45.218766
32 39.838042
33 27.580134
34 27.220390
35 23.377195
36 22.294966
37 29.049164
38 31.998152
39 44.016143
40 35.361490
41 33.094172
42 32.049098
43 27.731750
44 28.658040
45 28.757284
46 28.476148
47 24.048068
48 22.826180
49 29.506607
50 24.461552
51 34.084797
52 35.962962
53 40.116307
54 29.852481
55 31.477561
56 35.117019
57 29.538368
58 22.088800
59 27.480279
60 28.280311
61 25.754185
62 27.651268
63 30.606156
64 28.158404
65 24.161553
66 25.645152
67 29.910205
68 48.080606
69 40.704322
70 37.229349
71 39.959411
72 33.822756
73 29.153946
74 36.487705
75 32.411182
76 30.433603
77 26.769008
78 18.309832
79 28.625661
80 30.835899
81 33.878124
82 34.563044
83 32.844369
84 28.008571
85 32.427419
86 38.221831
87 39.817521
88 32.638567
89 37.541962
90 37.624314
91 33.503694
92 31.572969
93 30.336899
94 35.461769
95 32.232424
96 28.272363
97 25.064537
98 34.752333
99 38.364612
100 30.578945
101 27.481244
102 25.173260
103 28.578709
104 28.424208
105 36.965889
106 35.606192
107 41.079160
108 31.826777
109 40.881604
110 35.064597
111 30.699945
112 28.513250
113 34.437907
114 41.748814
115 39.075992
116 32.673749
117 30.584505
118 34.055782
119 32.705822
120 33.860376
121 34.896627
122 28.860286
123 25.203690
124 29.553499
125 28.579009
126 32.745936
127 32.134642
128 37.984802
129 33.626075
130 33.072194
131 34.366175
132 36.336257
133 38.101605
134 34.358226
135 40.913221
136 41.087896
137 31.506847
138 34.392672
139 33.749025
140 28.056398
141 26.300266
142 28.880356
143 24.741889
144 37.455687
145 26.747031
146 33.141661
147 31.032871
148 32.785781
149 31.127999
150 37.149747
151 38.106933
152 31.694023
153 30.830444
154 20.963073
155 30.580355
156 25.580147
157 23.119401
158 29.613626
159 38.585588
160 49.284321
161 40.196780
162 41.009102
163 40.125241
164 35.551918
165 33.592146
166 33.960742
167 30.573400
168 32.385696
169 40.165317
170 40.093149
171 42.099730
172 33.154437
173 36.967092
174 30.721385
175 28.347697
176 25.837521
177 23.318639
178 33.761696
179 30.065209
180 32.441153
181 29.910633
182 26.055357
183 29.693174
184 36.309082
185 33.079647
186 32.461189
187 36.607764
188 32.040065
189 34.270435
190 34.915049
191 34.838245
192 27.353516
193 26.819890
194 26.615926
195 20.310739
196 31.384265
197 34.095818
198 33.636738
199 31.473587
200 32.865873
201 28.245350
202 27.938506
203 32.723883
204 40.730747
205 35.571787
206 41.025294
207 36.682495
208 36.544614
209 42.088299
210 35.052539
211 32.789053
212 34.472826
213 31.985155
214 30.742366
215 38.426537
216 39.800183
217 43.342965
218 43.819230
219 37.550576
220 37.656829
221 37.344443
222 34.949452
223 32.689015
224 36.783317
225 32.798856
226 26.184871
227 26.023461
228 33.486077
229 34.615742
230 26.688270
231 31.684876
232 33.861108
233 24.555514
234 31.092696
235 30.242556
236 30.038879
237 39.269674
238 32.006088
239 36.399510
240 33.838224
241 34.206279
242 32.525108
243 33.826721
244 26.408324
245 24.885177
246 31.291352
247 25.736286
248 23.514408
249 25.581048
250 26.691345
251 24.570654
252 20.579023
253 26.247637
254 22.443546
255 24.405966
256 30.128636
257 33.296766
258 34.103154
259 35.283621
260 38.229932
261 42.576338
262 31.448599
263 26.954175
264 29.103340
265 35.389155
266 32.698982
267 34.162423
268 39.280739
269 38.777388
270 36.145226
271 37.776148
272 38.744471
273 38.738568
274 39.324074
275 33.891520
276 40.878324
277 40.682349
278 29.509163
279 33.962983
280 30.820871
281 34.992633
282 27.400503
283 26.594687
284 26.695631
285 24.538966
286 32.238906
287 34.272305
288 30.396893
289 25.018610
290 28.679398
291 25.395894
292 26.108815
293 20.253861
294 21.262691
295 36.240777
296 32.723365
297 25.466838
298 35.623404
299 33.749224
300 33.372055
301 47.750621
302 38.922469
303 38.940479
304 32.559337
305 34.514229
306 32.113025
307 26.473172
308 34.016859
309 30.838664
310 30.991131
311 29.851931
312 35.655685
313 32.667188
314 36.769606
315 34.924785
316 41.515307
317 35.022873
318 33.307198
319 30.448018
320 35.420273
321 35.381335
322 50.288557
323 38.506432
324 38.086057
325 38.556521
326 30.992408
327 25.084904
328 32.651788
329 36.412929
330 30.260398
331 31.879085
332 34.431561
333 32.056365
334 32.975430
335 31.923432
336 32.616635
337 28.931122
338 31.508334
339 28.451394
340 24.971445
341 30.961067
342 31.481679
343 29.950779
344 33.077125
345 36.657454
346 30.132786
347 26.770723
348 33.948829
349 37.149340
350 32.827858
351 35.313022
352 34.681859
353 36.182576
354 35.637809
355 30.172808
356 30.374004
357 30.764490
358 34.125469
359 32.576386
360 25.672300
361 28.034317
362 29.986145
363 34.091105
364 33.702344
365 28.700115
366 30.426966
367 35.343299
368 27.375332
369 25.426925
370 33.003410
371 34.981815
372 24.013174
373 31.716799
374 41.856505
375 36.803130
376 35.991621
377 32.019144
378 32.448171
379 34.855805
380 24.263959
381 27.499002
382 34.125321
383 29.713005
384 28.147457
385 30.952422
386 32.321216
387 39.237393
388 35.177918
389 38.524206
390 47.575118
391 36.585540
392 33.550851
393 32.230888
394 32.803803
395 33.930810
396 34.156897
397 31.450038
398 41.471676
399 35.815029
400 34.792711
401 37.253224
402 34.892909
403 35.794880
404 32.198521
405 26.040121
406 28.327079
407 38.120382
408 28.664030
409 23.004380
410 28.065898
411 26.895784
412 35.168788
413 28.319389
414 29.177603
415 27.427472
416 30.020789
417 29.263507
418 32.886226
419 32.184143
420 36.404380
421 35.021101
422 29.182289
423 25.941943
424 32.595144
425 32.482813
426 32.093828
427 28.236758
428 27.005233
429 29.044030
430 28.122598
431 28.089763
432 33.737898
433 37.402095
434 31.467197
435 28.283586
436 29.900482
437 31.558008
438 25.353062
439 38.050791
440 32.139292
441 26.429641
442 20.246919
443 22.465384
444 23.826415
445 27.657165
446 22.047352
447 22.569867
448 36.115751
449 31.172155
450 27.435152
451 26.207864
452 21.467917
453 26.172500
454 26.648802
455 29.115938
456 31.859141
457 32.900093
458 39.526826
459 23.923297
460 31.713116
461 32.496707
462 27.868341
463 26.700190
464 24.747719
465 25.794188
466 32.369818
467 29.273749
468 34.265934
469 31.756774
470 33.723681
471 38.494496
472 36.509842
473 33.985154
474 34.904036
475 28.049753
476 31.611651
477 33.014507
478 35.156380
479 29.126221
480 36.873914
481 34.249764
482 32.342902
483 45.934463
484 34.494228
485 29.881740
486 28.612503
487 28.857738
488 33.656381
489 24.809341
490 27.104872
491 28.593688
492 40.174522
493 31.448254
494 24.485675
495 21.547288
496 23.682001
497 27.426490
498 29.323919
499 30.424988
500 35.655615
501 37.060219
502 36.281258
503 30.124556
504 26.611215
505 23.427737
506 24.867281
507 25.758029
508 27.276901
509 27.834339
510 31.749255
511 30.973504
512 34.679475
513 31.397160
514 24.720167
515 19.100440
516 18.424008
517 22.545283
518 20.026628
519 27.910643
520 22.786879
521 24.581336
522 29.411069
523 29.878944
524 32.496690
525 34.915328
526 32.317227
527 25.497090
528 29.308818
529 24.801589
530 31.368351
531 28.374376
532 36.293242
533 31.963808
534 33.166377
535 33.233152
536 34.628546
537 38.112761
538 43.955276
539 33.842536
540 33.114055
541 35.451547
542 31.112551
543 27.331068
544 26.743634
545 28.123964
546 26.131367
547 35.292639
548 36.656562
549 33.568163
550 36.947771
551 32.071717
552 29.343292
553 23.317090
554 22.148981
555 24.021412
556 30.065521
557 36.115137
558 35.915910
559 31.678214
560 33.470537
561 34.702942
562 31.647268
563 34.740895
564 30.904615
565 31.122548
566 30.204976
567 27.756658
568 25.974444
569 23.667628
570 28.637960
571 32.799220
572 31.806313
573 28.548742
574 31.858966
575 28.195081
576 33.027995
577 24.548891
578 33.474279
579 33.127360
580 37.230131
581 36.888993
582 40.339084
583 33.309233
584 36.459898
585 48.129894
586 43.610198
587 31.028958
588 28.906426
589 30.182341
590 28.252958
591 22.831119
592 27.130482
593 26.936433
594 33.289342
595 30.471506
596 32.150044
597 26.018312
598 23.622529
599 26.843611
600 25.101225
601 21.168119
602 25.373158
603 26.680580
604 23.867707
605 17.788762
606 24.735912
607 22.543091
608 22.670178
609 26.333724
610 26.817584
611 25.638927
612 26.870920
613 34.486698
614 25.381919
615 20.948650
616 25.740138
617 28.181738
618 25.136991
619 38.846000
620 38.861435
621 29.499698
622 26.203596
623 23.634896
624 26.713167
625 25.472389
626 22.829540
627 27.664524
628 29.120679
629 30.645719
630 30.144353
631 29.305527
632 27.065865
633 32.932989
634 44.603704
635 37.200246
636 35.413849
637 28.811019
638 20.789175
639 26.512801
640 31.112748
641 29.315359
642 37.882623
643 36.116100
644 39.813187
645 29.130609
646 34.199978
647 38.406153
648 36.944651
649 31.839931
650 24.219626
651 35.610931
652 38.421652
653 42.537106
654 31.246131
655 29.444759
656 34.167853
657 30.329802
658 25.837420
659 22.424004
660 27.653210
661 30.709913
662 27.080237
663 29.613122
664 26.786935
665 30.054572
666 29.072176
667 26.184590
668 27.796768
669 29.251247
670 27.970343
671 22.466615
672 26.151466
673 30.782803
674 23.179535
675 25.684881
676 24.192569
677 28.323616
678 39.417125
679 35.126650
680 25.824962
681 30.360212
682 26.976811
683 26.168924
684 28.553773
685 27.735689
686 28.700868
687 21.801737
688 28.679209
689 27.909944
690 27.403762
691 32.998935
692 30.769695
693 26.592266
694 40.517434
695 35.882395
696 27.275622
697 26.759878
698 28.089611
699 33.621386
700 34.353577
701 29.556820
702 27.610534
703 26.848761
704 27.402760
705 34.338147
706 35.781204
707 43.514669
708 39.993229
709 37.762299
710 29.770104
711 32.162982
712 32.295251
713 31.534362
714 28.577922
715 36.421837
716 25.668713
717 20.424582
718 19.024154
719 30.179105
720 31.699221
721 34.929787
722 29.529352
723 41.375473
724 45.760412
725 35.744760
726 34.658342
727 36.693399
728 33.995807
729 29.293543
730 27.483308
731 33.433659
732 34.164837
733 32.519075
734 35.076736
735 38.929334
736 34.813090
737 38.248213
738 34.934756
739 35.762027
740 32.667782
741 39.619151
742 35.752660
743 30.800931
744 34.800994
745 32.453290
746 37.375939
747 41.472747
748 29.261923
749 25.130491
750 25.861063
751 24.826200
752 22.106936
753 23.249730
754 26.037398
755 30.025502
756 33.183212
757 33.461971
758 39.111079
759 33.009918
760 28.907940
761 37.949421
762 30.649303
763 46.745934
764 42.745027
765 45.030590
766 36.608048
767 38.308159
768 35.176912
769 40.254840
770 31.646471
771 34.666573
772 35.609499
773 26.414613
774 30.245944
775 26.874135
776 34.207107
777 31.485727
778 30.150380
779 28.693531
780 27.087406
781 28.346517
782 35.476469
783 38.066135
784 42.537691
785 39.137008
786 33.904261
787 33.762319
788 30.067995
789 33.022056
790 32.324413
791 34.090199
792 42.932766
793 36.822999
794 37.639275
795 37.357162
796 37.722161
797 42.791450
798 39.766328
799 39.239430
800 45.508732
801 35.690262
802 37.293914
803 43.309961
804 35.643620
805 33.038549
806 36.519460
807 34.215447
808 33.804273
809 36.924324
810 35.730306
811 22.144968
812 25.721257
813 28.870775
814 33.389055
815 29.438620
816 31.901481
817 37.117794
818 29.067722
819 26.321416
820 27.808156
821 26.955771
822 32.359568
823 26.203909
824 34.845200
825 34.298187
826 27.160191
827 29.261045
828 27.950753
829 27.186256
830 18.905392
831 36.490640
832 34.475353
833 28.046604
834 32.389976
835 27.561675
836 27.214500
837 31.329962
838 27.821975
839 24.133146
840 21.347431
841 20.708213
842 25.578917
843 30.804468
844 30.987725
845 31.401439
846 32.420883
847 26.479582
848 28.220740
849 36.872982
850 36.292389
851 33.226831
852 35.163177
853 33.920107
854 24.188923
855 26.621876
856 25.715482
857 31.826580
858 37.746490
859 36.332607
860 28.131458
861 34.365659
862 31.388726
863 27.979398
864 39.409277
865 41.412715
866 36.271792
867 27.345286
868 40.727750
869 35.412247
870 41.357759
871 32.810559
872 28.518587
873 24.250698
874 20.878738
875 23.039389
876 32.005686
877 30.023254
878 27.741777
879 26.376458
880 28.827751
881 29.499901
882 31.237342
883 24.200837
884 30.288797
885 28.537890
886 28.620603
887 29.716626
888 28.223886
889 27.903479
890 32.877744
891 31.063020
892 36.827986
893 29.846570
894 32.869020
895 28.218539
896 30.392468
897 29.021398
898 28.906509
899 25.427961
900 29.555783
901 25.527963
902 24.604032
903 27.586910
904 32.881723
905 36.826509
906 39.528561
907 38.971153
908 37.778882
909 32.452691
910 25.698241
911 22.952000
912 31.691639
913 39.231300
914 34.220783
915 42.114382
916 44.890879
917 39.828016
918 34.382204
919 39.490005
920 41.285309
921 42.452647
922 32.340679
923 36.851473
924 25.500734
925 23.810533
926 26.174522
927 21.807615
928 27.633757
929 27.477188
930 24.437869
931 25.936252
932 35.007728
933 33.898646
934 37.779361
935 30.628588
936 38.110756
937 36.266496
938 41.406739
939 40.498315
940 41.302819
941 31.004418
942 33.377388
943 36.312093
944 45.222248
945 36.792726
946 35.871637
947 33.563365
948 37.100415
949 37.211567
950 26.672579
951 30.585969
952 26.335552
953 31.885543
954 31.195087
955 41.405680
956 35.036479
957 42.519238
958 42.583836
959 32.590051
960 23.214824
961 33.254864
962 25.055500
963 29.212867
964 34.967219
965 36.593669
966 37.272952
967 32.970405
968 33.965507
969 28.723931
970 24.661083
971 26.598471
972 37.468621
973 36.447314
974 24.712723
975 27.765280
976 29.781487
977 21.802343
978 26.388743
979 29.229172
980 30.749124
981 32.247019
982 29.538491
983 31.582782
984 25.842814
985 22.646329
986 31.492849
987 31.127682
988 25.300895
989 34.765367
990 32.508781
991 23.661178
992 30.446517
993 25.034158
994 28.329022
995 29.212015
996 28.714312
997 22.745449
998 28.693442
999 27.775533
1000 27.775533
